M1:
1
1 1
1 1 1
1 1 1 1
1 1 1 1 1
1 1 1 1 1 1
1 1 1 1 1 1 1


M2:
1 
2 2
3 3 3
4 4 4 4
5 5 5 5 5
6 6 6 6 6 6
7 7 7 7 7 7 7

M3
1
1 2
1 2 3
1 2 3 4
1 2 3 4 5
1 2 3 4 5 6


M4
1 
2 3
4 5 6
7 8 9 10


M5
5
4 4
3 3 3
2 2 2 2
1 1 1 1 1


M6
1
2 1
3 2 1
4 3 2 1
5 4 3 2 1
6 5 4 3 2 1

M7
1
1 1
1 0 1
1 0 0 1
1 0 0 0 1
1 0 0 0 0 1
1 1 1 1 1 1 1


M8
0
0 0
0 1 0
0 1 2 0
0 1 2 3 0
0 1 2 3 4 0
0 1 2 3 4 5 0
0 0 0 0 0 0 0 0


M9
0
0 0
0 1 0
0 2 1 0
0 3 2 1 0
0 4 3 2 1 0
0 5 4 3 2 1 0
0 0 0 0 0 0 0 0




M10
0
0 0
0 7 0
0 6 7 0
0 5 6 7 0
0 4 5 6 7 0
0 3 4 5 6 7 0
0 2 3 4 5 6 7 0
0 1 2 3 4 5 6 7 0
0 0 0 0 0 0 0 0 0 0 


M11
0
0 0
0 7 0
0 6 7 0
0 5 6 7 0
0 4 5 6 0 0
0 3 4 0 6 7 0
0 2 0 4 5 6 7 0
0 0 2 3 4 5 6 7 0
0 0 0 0 0 0 0 0 0 0

M13

A
A A
A A A
A A A A
A A A A A
A A A A A A
A A A A A A A


M14
A
A B
A B C
A B C D
A B C D E
A B C D E F


M15
A
A A
A 0 A
A 0 0 A
A 0 0 0 A
A A A A A A


M16
A
B B
C 0 C
D 0 0 D
E 0 0 0 E
F F F F F F

M17
0
1 0
1 2 1
1 2 3 2
1 2 3 4 3
1 2 3 4 5 4
1 2 3 4 5 6 5


M18:

1 1 1 1 1 1 1
1 1 1 1 1 1
1 1 1 1 1
1 1 1 1
1 1 1
1 1
1


M19:

         1
       1 2
     1 2 3
   1 2 3 4
 1 2 3 4 5


M20:

         1
       2 2
     3 3 3
   4 4 4 4
 5 5 5 5 5
 
 
 M21:
         5
       4 4
     3 3 3
   2 2 2 2
 1 1 1 1 1
 
 M22:
         5
       4 5
     3 4 5
   2 3 4 5
 1 2 3 4 5
 
 M23:
         5
       4 5
     3 0 5
   2 0 0 5
 1 2 3 4 5

 
 M24:
         1
       1 1
     1 0 1
   1 0 0 1
 1 1 1 1 1
 
 
 
 
 
 
 
 
 
 
 
 
 
 
 
 
 
 
 
 























































































